,id,name,year,beam_type_id
0,0,LHC10g,2010,0
1,1,LHC10o,2010,1
2,2,LHC10s,2010,4
3,3,LHC10u,2010,0
4,4,LHC10v,2010,4
5,5,LHC11b,2011,3
6,6,LHC11e,2011,3
7,7,LHC11h,2011,0
8,8,LHC12a,2012,1
9,9,LHC12p,2012,2
10,10,LHC12t,2012,3
11,11,LHC13b,2013,0
12,12,LHC13c,2013,2
13,13,LHC13h,2013,1
14,14,LHC13n,2013,4
15,15,LHC13v,2013,0
16,16,LHC14a,2014,1
17,17,LHC14e,2014,2
18,18,LHC14m,2014,1
19,19,LHC14s,2014,1
20,20,LHC14v,2014,1
21,21,LHC15e,2015,1
22,22,LHC15g,2015,2
23,23,LHC15i,2015,0
24,24,LHC15l,2015,2
25,25,LHC16m,2016,4
26,26,LHC16t,2016,3
27,27,LHC16v,2016,0
28,28,LHC16w,2016,4
29,29,LHC17b,2017,4
30,30,LHC17c,2017,0
31,31,LHC17o,2017,3
32,32,LHC17r,2017,0
33,33,LHC17u,2017,0
34,34,LHC17v,2017,4
35,35,LHC18c,2018,3
36,36,LHC18d,2018,1
37,37,LHC18i,2018,2
38,38,LHC18r,2018,2
39,39,LHC18u,2018,1
40,40,LHC18x,2018,1
41,41,LHC19c,2019,3
42,42,LHC19d,2019,4
43,43,LHC19h,2019,2
44,44,LHC19q,2019,0
45,45,LHC19r,2019,1
46,46,LHC19y,2019,3
