,id,name,year,beam_type_id
0,0,LHC10e,2010,2
1,1,LHC10f,2010,1
2,2,LHC10k,2010,0
3,3,LHC10m,2010,1
4,4,LHC10n,2010,3
5,5,LHC10q,2010,1
6,6,LHC11b,2011,0
7,7,LHC11j,2011,1
8,8,LHC11v,2011,4
9,9,LHC11x,2011,3
10,10,LHC11y,2011,0
11,11,LHC12e,2012,2
12,12,LHC12h,2012,4
13,13,LHC12k,2012,2
14,14,LHC12o,2012,0
15,15,LHC12s,2012,2
16,16,LHC13a,2013,3
17,17,LHC13e,2013,0
18,18,LHC13f,2013,1
19,19,LHC13m,2013,4
20,20,LHC13q,2013,1
21,21,LHC13s,2013,1
22,22,LHC13y,2013,0
23,23,LHC14c,2014,1
24,24,LHC14m,2014,1
25,25,LHC14p,2014,1
26,26,LHC15g,2015,4
27,27,LHC15u,2015,0
28,28,LHC16d,2016,0
29,29,LHC16i,2016,4
30,30,LHC16r,2016,1
31,31,LHC16u,2016,0
32,32,LHC16w,2016,2
33,33,LHC16x,2016,3
34,34,LHC17e,2017,0
35,35,LHC17s,2017,3
36,36,LHC17v,2017,4
37,37,LHC17x,2017,0
38,38,LHC17y,2017,4
39,39,LHC18a,2018,4
40,40,LHC18b,2018,0
41,41,LHC18d,2018,1
42,42,LHC18i,2018,3
43,43,LHC18m,2018,4
44,44,LHC18s,2018,0
45,45,LHC19k,2019,4
46,46,LHC19m,2019,2
47,47,LHC19r,2019,0
